10 1 16384 10344 0.631348
11 1 16384 6455 0.393982
12 1 16382 3618 0.220852
13 1 16384 1868 0.114014
14 1 16384 946 0.057739
15 1 16384 522 0.03186
16 1 16384 253 0.015442
17 1 16384 149 0.009094
18 1 16384 132 0.008057
19 1 16384 129 0.007874
20 1 16384 139 0.008484


10 2 16384 11971 0.730652
11 2 16383 6809 0.415614
12 2 16384 2608 0.15918
13 2 16384 763 0.04657
14 2 16384 232 0.01416
15 2 16384 78 0.004761
16 2 16383 27 0.001648
17 2 16384 8 0.000488
18 2 16384 6 0.000366
19 2 16384 6 0.000366
20 2 16384 4 0.000244


10 3 16384 13806 0.842651
11 3 16384 8061 0.492004
12 3 16384 2485 0.151672
13 3 16383 488 0.029787
14 3 16384 89 0.005432
15 3 16384 20 0.001221
16 3 16384 4 0.000244
17 3 16384 1 6.1e-05
18 3 16384 4 0.000244
19 3 16384 2 0.000122
20 3 16384 3 0.000183


10 4 16383 15240 0.930233
11 4 16384 8808 0.537598
12 4 16384 2548 0.155518
13 4 16384 379 0.023132
14 4 16384 35 0.002136
15 4 16384 4 0.000244
16 4 16384 5 0.000305
17 4 16384 3 0.000183
18 4 16384 2 0.000122
19 4 16384 4 0.000244
20 4 16384 1 6.1e-05


10 5 16384 15585 0.951233
11 5 16384 10837 0.661438
12 5 16384 3082 0.18811
13 5 16384 368 0.022461
14 5 16384 26 0.001587
15 5 16384 2 0.000122
16 5 16384 2 0.000122
17 5 16384 4 0.000244
18 5 16383 1 6.1e-05
19 5 16383 1 6.1e-05
20 5 16384 3 0.000183


10 6 16384 16203 0.988953
11 6 16384 11977 0.731018
12 6 16384 3465 0.211487
13 6 16384 360 0.021973
14 6 16384 24 0.001465
15 6 16384 2 0.000122
16 6 16384 4 0.000244
17 6 16384 4 0.000244
18 6 16383 3 0.000183
19 6 16383 3 0.000183
20 6 16384 1 6.1e-05


10 7 16384 16384 1.0
11 7 16383 13042 0.796069
12 7 16384 4572 0.279053
13 7 16384 410 0.025024
14 7 16384 11 0.000671
15 7 16384 2 0.000122
16 7 16384 5 0.000305
17 7 16384 4 0.000244
18 7 16384 2 0.000122
19 7 16383 1 6.1e-05
20 7 16384 5 0.000305


10 8 16384 16384 1.0
11 8 16384 14363 0.876648
12 8 16384 5309 0.324036
13 8 16384 445 0.027161
14 8 16384 6 0.000366
15 8 16383 1 6.1e-05
16 8 16384 1 6.1e-05
17 8 16384 5 0.000305
18 8 16384 1 6.1e-05
19 8 16383 3 0.000183
20 8 16383 1 6.1e-05


